 n = 1000 
Elapsed time, MKL LAPACK: 0.138771 seconds
[-90.76 ;
174.78 ;
-9.41 ;
-202.91 ;
-2.16 ;
-58.52 ;
19.45 ;
-73.62 ;
129.05 ;
-4.79 ;
74.60 ;
-26.86 ;
-47.14 ;
142.14 ;
152.49 ;
-15.64 ;
150.54 ;
-41.59 ;
-126.42 ;
-87.82 ;
 4.30 ;
-64.95 ;
-52.94 ;
-116.07 ;
-210.77 ;
-104.97 ;
120.72 ;
251.31 ;
109.90 ;
93.77 ;
33.21 ;
55.91 ;
133.54 ;
-77.97 ;
55.95 ;
114.55 ;
137.66 ;
-144.11 ;
-16.26 ;
137.14 ;
67.55 ;
-349.42 ;
438.81 ;
144.85 ;
94.27 ;
107.11 ;
-118.93 ;
-290.99 ;
-275.52 ;
249.06 ;
107.00 ;
-194.99 ;
293.09 ;
181.46 ;
-203.44 ;
34.00 ;
-50.35 ;
132.14 ;
215.86 ;
295.22 ;
-191.34 ;
61.80 ;
52.74 ;
-119.94 ;
-44.50 ;
-59.00 ;
-98.00 ;
39.49 ;
-289.11 ;
124.58 ;
-18.96 ;
-86.83 ;
81.26 ;
38.47 ;
-94.72 ;
-354.30 ;
-119.22 ;
-285.88 ;
151.29 ;
-177.18 ;
344.89 ;
-212.01 ;
431.97 ;
-380.58 ;
-342.65 ;
-116.47 ;
-185.41 ;
175.60 ;
16.51 ;
-165.69 ;
54.74 ;
-53.92 ;
-30.15 ;
-15.81 ;
-165.69 ;
54.86 ;
 1.16 ;
 7.46 ;
-66.84 ;
122.81 ;
-55.44 ;
-161.88 ;
214.45 ;
-210.77 ;
12.56 ;
-82.95 ;
94.87 ;
147.00 ;
-154.69 ;
148.67 ;
-42.44 ;
-96.16 ;
-327.72 ;
-83.47 ;
122.57 ;
147.30 ;
88.23 ;
544.57 ;
-74.03 ;
151.55 ;
270.25 ;
116.47 ;
-265.94 ;
-79.78 ;
-392.01 ;
68.34 ;
-137.86 ;
-157.68 ;
-86.48 ;
74.34 ;
273.38 ;
22.27 ;
-122.77 ;
14.35 ;
-285.16 ;
73.28 ;
-5.94 ;
239.19 ;
-80.13 ;
154.11 ;
-51.98 ;
-107.77 ;
15.03 ;
-217.09 ;
-326.70 ;
73.73 ;
159.36 ;
-45.28 ;
-128.18 ;
-216.87 ;
363.04 ;
37.90 ;
385.62 ;
169.88 ;
-255.91 ;
512.04 ;
-516.34 ;
-197.00 ;
265.06 ;
-50.84 ;
109.34 ;
41.16 ;
-267.47 ;
155.79 ;
-215.48 ;
172.16 ;
-423.31 ;
266.18 ;
-62.57 ;
-143.65 ;
193.19 ;
486.33 ;
100.56 ;
78.82 ;
548.53 ;
208.47 ;
105.42 ;
-131.05 ;
120.96 ;
-130.04 ;
367.98 ;
665.14 ;
630.89 ;
511.51 ;
-71.63 ;
222.46 ;
-486.07 ;
-50.30 ;
222.96 ;
-37.46 ;
247.18 ;
-651.57 ;
-334.52 ;
277.01 ;
-21.55 ;
-846.39 ;
32.97 ;
260.34 ;
-134.74 ;
-480.25 ;
 5.46 ;
484.03 ;
-261.86 ;
-442.17 ;
-220.12 ;
313.32 ;
-334.31 ;
-572.21 ;
-412.75 ;
-43.26 ;
-355.44 ;
430.42 ;
1163.07 ;
-136.14 ;
-270.20 ;
-922.09 ;
-459.06 ;
889.66 ;
-171.54 ;
296.85 ;
-489.43 ;
258.15 ;
611.92 ;
598.88 ;
-201.17 ;
361.01 ;
69.89 ;
230.11 ;
-336.83 ;
697.16 ;
-218.56 ;
-190.93 ;
137.37 ;
63.05 ;
258.61 ;
41.45 ;
-692.59 ;
-293.82 ;
-124.48 ;
-248.52 ;
-88.45 ;
-301.71 ;
155.20 ;
-185.91 ;
286.17 ;
689.08 ;
-580.68 ;
-242.10 ;
-257.43 ;
-322.45 ;
-20.45 ;
-424.05 ;
-254.17 ;
-118.88 ;
-195.59 ;
61.88 ;
421.29 ;
-278.59 ;
-534.05 ;
-902.84 ;
-664.37 ;
-281.95 ;
575.50 ;
34.12 ;
896.53 ;
251.60 ;
-810.71 ;
-99.42 ;
283.20 ;
-1009.61 ;
419.66 ;
45.76 ;
593.24 ;
-176.48 ;
-80.14 ;
82.77 ;
197.19 ;
-281.23 ;
-314.15 ;
-426.13 ;
157.13 ;
-347.64 ;
-546.79 ;
-193.14 ;
-286.91 ;
616.10 ;
-410.81 ;
-32.23 ;
-625.59 ;
576.05 ;
62.06 ;
660.41 ;
-75.07 ;
-217.98 ;
150.20 ;
-75.48 ;
-264.23 ;
-293.44 ;
 2.08 ;
-655.88 ;
381.18 ;
-69.60 ;
245.11 ;
642.65 ;
-170.84 ;
-650.84 ;
-151.85 ;
-405.45 ;
296.20 ;
-498.77 ;
388.80 ;
-554.88 ;
69.77 ;
-64.35 ;
-375.24 ;
334.54 ;
 1.56 ;
931.99 ;
524.28 ;
-756.81 ;
-219.17 ;
55.51 ;
-555.83 ;
-272.41 ;
253.02 ;
-501.06 ;
-440.31 ;
333.63 ;
63.70 ;
-543.82 ;
1435.78 ;
-906.96 ;
113.70 ;
-187.79 ;
-88.05 ;
-406.40 ;
-782.33 ;
-313.49 ;
192.09 ;
-98.78 ;
413.06 ;
415.62 ;
-565.61 ;
38.09 ;
361.69 ;
-192.28 ;
130.46 ;
169.68 ;
10.20 ;
526.41 ;
473.75 ;
120.09 ;
36.00 ;
-336.41 ;
-1125.72 ;
788.53 ;
-579.54 ;
-129.99 ;
-78.86 ;
-547.30 ;
196.08 ;
-141.80 ;
-214.92 ;
-64.51 ;
11.68 ;
-131.02 ;
-23.59 ;
379.11 ;
425.15 ;
132.61 ;
-440.75 ;
-448.50 ;
-315.22 ;
-160.32 ;
-525.88 ;
720.04 ;
657.07 ;
-176.82 ;
-695.79 ;
1015.16 ;
166.25 ;
872.63 ;
387.93 ;
268.90 ;
530.94 ;
334.74 ;
381.11 ;
-299.28 ;
731.61 ;
462.36 ;
-608.16 ;
657.87 ;
215.72 ;
-20.08 ;
595.24 ;
931.97 ;
439.19 ;
259.76 ;
289.03 ;
490.36 ;
77.68 ;
489.94 ;
32.85 ;
407.33 ;
515.07 ;
323.78 ;
771.70 ;
-418.80 ;
289.84 ;
-658.83 ;
-194.72 ;
-225.10 ;
370.27 ;
-6.08 ;
-312.15 ;
91.15 ;
259.14 ;
-904.84 ;
-266.43 ;
261.15 ;
226.32 ;
-253.01 ;
392.48 ;
-690.64 ;
-199.67 ;
209.89 ;
57.33 ;
574.66 ;
-142.83 ;
291.31 ;
14.39 ;
-6.51 ;
-470.05 ;
306.60 ;
-86.90 ;
-190.38 ;
265.68 ;
-147.88 ;
79.86 ;
-919.67 ;
-539.08 ;
434.98 ;
-537.16 ;
208.68 ;
-658.85 ;
-254.78 ;
23.67 ;
-336.42 ;
94.41 ;
481.93 ;
228.17 ;
-439.19 ;
-674.09 ;
-507.09 ;
-830.89 ;
358.77 ;
273.75 ;
-509.99 ;
244.42 ;
-287.08 ;
-380.17 ;
120.30 ;
-1507.88 ;
-458.90 ;
-843.77 ;
-377.79 ;
729.03 ;
123.65 ;
1511.90 ;
-927.52 ;
-894.29 ;
-1642.58 ;
-1102.62 ;
-1278.66 ;
199.90 ;
-278.97 ;
295.28 ;
-409.11 ;
141.50 ;
206.21 ;
-132.80 ;
-694.72 ;
774.67 ;
142.90 ;
-208.43 ;
-154.87 ;
-262.94 ;
-172.93 ;
495.58 ;
184.03 ;
-511.42 ;
-770.83 ;
-447.02 ;
110.52 ;
-364.31 ;
922.72 ;
-402.49 ;
-684.83 ;
-722.28 ;
752.05 ;
-95.78 ;
671.89 ;
786.52 ;
-398.46 ;
-1132.08 ;
-1043.66 ;
-276.71 ;
-156.71 ;
-493.50 ;
196.18 ;
493.53 ;
569.86 ;
-531.97 ;
912.44 ;
172.02 ;
58.14 ;
-716.42 ;
1073.21 ;
172.07 ;
-284.49 ;
-224.32 ;
-152.59 ;
652.20 ;
293.82 ;
292.37 ;
435.67 ;
-634.49 ;
866.84 ;
-35.60 ;
376.47 ;
105.59 ;
660.94 ;
-402.02 ;
-556.16 ;
423.02 ;
458.90 ;
211.99 ;
680.07 ;
483.94 ;
-737.61 ;
744.00 ;
-186.12 ;
-730.25 ;
-400.55 ;
-181.47 ;
-648.33 ;
280.80 ;
-300.75 ;
371.79 ;
-203.22 ;
15.24 ;
-31.18 ;
-710.38 ;
940.31 ;
-30.62 ;
760.68 ;
373.59 ;
414.57 ;
502.69 ;
-355.50 ;
-435.37 ;
214.93 ;
324.11 ;
-542.39 ;
324.18 ;
440.38 ;
612.98 ;
283.17 ;
480.48 ;
-77.63 ;
563.84 ;
207.83 ;
15.54 ;
556.92 ;
-934.36 ;
-689.42 ;
220.25 ;
-274.95 ;
-528.56 ;
179.15 ;
-686.94 ;
1123.61 ;
212.92 ;
506.33 ;
-376.53 ;
424.99 ;
237.01 ;
447.82 ;
-4.95 ;
-279.99 ;
-35.12 ;
-91.45 ;
-722.37 ;
461.01 ;
814.91 ;
668.21 ;
-501.41 ;
-119.20 ;
-1360.96 ;
-202.42 ;
808.77 ;
291.39 ;
-6.39 ;
641.40 ;
-213.32 ;
275.06 ;
112.06 ;
-38.77 ;
1183.17 ;
888.72 ;
68.50 ;
-102.02 ;
342.34 ;
-17.51 ;
223.61 ;
538.53 ;
197.44 ;
351.97 ;
-1285.31 ;
-334.17 ;
-1539.85 ;
1077.42 ;
-877.01 ;
313.66 ;
730.73 ;
469.96 ;
-798.93 ;
116.76 ;
1065.64 ;
-271.85 ;
417.74 ;
-225.57 ;
203.63 ;
466.72 ;
-195.46 ;
267.50 ;
-705.06 ;
182.97 ;
141.90 ;
455.48 ;
283.25 ;
832.99 ;
104.10 ;
506.35 ;
-494.17 ;
550.15 ;
-1020.91 ;
36.72 ;
218.16 ;
-118.27 ;
-1279.35 ;
-125.66 ;
-566.15 ;
647.69 ;
225.11 ;
-461.59 ;
284.84 ;
-69.61 ;
514.75 ;
-374.23 ;
708.24 ;
-898.00 ;
734.46 ;
741.20 ;
973.04 ;
696.01 ;
941.86 ;
740.76 ;
-402.84 ;
-1361.85 ;
1658.72 ;
-1493.88 ;
-248.82 ;
-664.71 ;
26.97 ;
418.74 ;
-143.52 ;
-521.34 ;
578.92 ;
-1582.17 ;
220.68 ;
-39.65 ;
-553.32 ;
879.44 ;
313.56 ;
488.27 ;
-233.85 ;
338.93 ;
-553.26 ;
906.97 ;
398.31 ;
56.61 ;
48.21 ;
-814.49 ;
-526.20 ;
-334.86 ;
-77.59 ;
758.89 ;
-494.65 ;
-534.82 ;
-501.11 ;
718.36 ;
390.23 ;
-1109.16 ;
614.38 ;
-428.17 ;
-15.66 ;
155.88 ;
225.72 ;
-269.74 ;
59.54 ;
-866.76 ;
414.23 ;
-872.18 ;
-873.36 ;
-349.07 ;
133.41 ;
-32.07 ;
-8.28 ;
-746.45 ;
-541.85 ;
202.51 ;
345.37 ;
-373.61 ;
-532.61 ;
-172.86 ;
54.79 ;
14.95 ;
-430.07 ;
75.30 ;
824.23 ;
61.89 ;
854.08 ;
264.25 ;
-577.07 ;
180.32 ;
-483.42 ;
534.76 ;
-386.50 ;
191.18 ;
461.62 ;
-99.11 ;
454.74 ;
390.97 ;
128.73 ;
-448.30 ;
1033.86 ;
1334.57 ;
-517.64 ;
-446.25 ;
-1434.11 ;
818.42 ;
135.35 ;
-270.20 ;
374.56 ;
307.13 ;
-121.21 ;
677.36 ;
-531.15 ;
394.60 ;
-1636.62 ;
-423.43 ;
-1825.84 ;
-85.61 ;
20.55 ;
-257.35 ;
-849.88 ;
368.19 ;
-312.90 ;
-125.16 ;
363.20 ;
-490.38 ;
194.37 ;
-1030.48 ;
-459.99 ;
-840.94 ;
-844.72 ;
587.84 ;
-837.48 ;
-644.37 ;
228.14 ;
-1326.93 ;
-528.77 ;
-1416.13 ;
671.75 ;
1327.31 ;
-9.14 ;
-95.46 ;
386.65 ;
45.50 ;
-187.03 ;
-679.83 ;
-295.97 ;
-658.34 ;
-355.65 ;
-733.58 ;
-18.94 ;
137.28 ;
109.02 ;
-211.18 ;
-67.24 ;
-433.21 ;
-999.54 ;
-757.34 ;
278.78 ;
-308.81 ;
636.40 ;
643.85 ;
-41.38 ;
39.68 ;
1205.79 ;
578.84 ;
-1115.39 ;
761.86 ;
65.05 ;
-651.93 ;
-223.14 ;
479.04 ;
304.39 ;
607.50 ;
218.39 ;
1039.67 ;
656.40 ;
277.35 ;
-88.65 ;
332.78 ;
-786.44 ;
128.25 ;
-574.61 ;
600.22 ;
471.43 ;
111.13 ;
366.63 ;
-93.19 ;
-2135.01 ;
-1117.65 ;
1358.03 ;
-430.03 ;
-449.31 ;
-640.60 ;
478.72 ;
-57.80 ;
1521.42 ;
487.60 ;
473.13 ;
55.25 ;
-426.89 ;
405.23 ;
1797.13 ;
-920.87 ;
671.25 ;
325.50 ;
1922.38 ;
-731.36 ;
-437.41 ;
374.52 ;
229.27 ;
1317.37 ;
 2.67 ;
-552.47 ;
95.59 ;
-221.86 ;
774.83 ;
-1077.80 ;
-717.08 ;
235.99 ;
40.12 ;
414.09 ;
1391.54 ;
-668.84 ;
-1263.95 ;
-255.11 ;
-87.44 ;
-171.99 ;
-11.00 ;
359.64 ;
176.63 ;
-378.01 ;
-1228.72 ;
-548.19 ;
376.43 ;
542.01 ;
-442.39 ;
1843.99 ;
192.93 ;
-1767.82 ;
-656.27 ;
-187.10 ;
-1714.62 ;
-1806.11 ;
-1393.35 ;
-785.48 ;
1062.00 ;
33.76 ;
-706.88 ;
-848.55 ;
-175.33 ;
533.69 ;
-327.52 ;
116.31 ;
972.45 ;
762.02 ;
904.91 ;
606.02 ;
-605.16 ;
171.86 ;
622.60 ;
574.02 ;
511.24 ;
228.07 ;
-791.65 ;
-246.41 ;
353.99 ;
770.60 ;
-463.35 ;
-1826.87 ;
361.15 ;
314.75 ;
798.87 ;
-49.92 ;
371.55 ;
160.19 ;
-14.61 ;
-298.05 ;
-404.97 ;
-1304.29 ;
-498.30 ;
1212.32 ;
1625.83 ;
-435.51 ;
-573.36 ;
125.71 ;
-247.09 ;
-1041.09 ;
-1585.70 ;
106.10 ;
-1433.72 ;
-2287.14 ;
171.30 ;
-428.49 ;
545.95 ;
-205.91 ;
469.58 ;
-232.77 ;
-1503.20 ;
919.61 ;
-926.24 ;
-95.91 ;
265.94 ;
296.56 ;
354.63 ;
-50.42 ;
186.13 ;
-432.69 ;
18.10 ;
152.72 ;
453.00 ;
-270.94 ;
255.37 ;
-992.26 ;
149.71 ;
778.16 ;
-149.45 ;
-345.61 ;
-766.59 ;
392.11 ;
1813.97 ;
-527.49 ;
-918.73 ;
504.71 ;
-760.01 ;
-303.67 ;
-310.83 ;
1296.10 ;
-1131.81 ;
-527.87 ;
-302.41 ;
237.52 ;
552.49 ;
-309.89 ;
-237.48 ;
-167.42 ;
326.82 ;
-167.28 ;
331.51 ;
670.44 ;
-520.14 ;
-380.96 ;
-463.00 ;
-687.94 ;
44.88 ;
-210.31 ;
161.25 ;
332.95 ;
-515.34 ;
585.83 ;
701.43 ;
-413.55 ;
-897.58 ;
-188.40 ]
Elapsed time, naive LU: 3.896237 seconds
my naive LU is incorrect.
